64

00000000
00000000
00000000
00000000
00000000
00000000
00000011
0000001.

63

00000000
00000000
00000000
00000000
00000000
00000000
00000111
000001.1

62

00000000
00000000
00000000
00000000
00000000
00000000
00001110
00001.10

61

00000000
00000000
00000000
00000000
00000000
00000000
00011100
0001.100

60

00000000
00000000
00000000
00000000
00000000
00000000
00111000
001.1000

59

00000000
00000000
00000000
00000000
00000000
00000000
01110000
01.10000

58

00000000
00000000
00000000
00000000
00000000
00000000
11100000
1.100000

57

00000000
00000000
00000000
00000000
00000000
00000000
11000000
.1000000

56

00000000
00000000
00000000
00000000
00000000
00000011
0000001.
00000011

55

00000000
00000000
00000000
00000000
00000000
00000111
000001.1
00000111

54

00000000
00000000
00000000
00000000
00000000
00001110
00001.10
00001110

53

00000000
00000000
00000000
00000000
00000000
00011100
0001.100
00011100

52

00000000
00000000
00000000
00000000
00000000
00111000
001.1000
00111000

51

00000000
00000000
00000000
00000000
00000000
01110000
01.10000
01110000

50

00000000
00000000
00000000
00000000
00000000
11100000
1.100000
11100000

49

00000000
00000000
00000000
00000000
00000000
11000000
.1000000
11000000

48

00000000
00000000
00000000
00000000
00000011
0000001.
00000011
00000000

47

00000000
00000000
00000000
00000000
00000111
000001.1
00000111
00000000

46

00000000
00000000
00000000
00000000
00001110
00001.10
00001110
00000000

45

00000000
00000000
00000000
00000000
00011100
0001.100
00011100
00000000

44

00000000
00000000
00000000
00000000
00111000
001.1000
00111000
00000000

43

00000000
00000000
00000000
00000000
01110000
01.10000
01110000
00000000

42

00000000
00000000
00000000
00000000
11100000
1.100000
11100000
00000000

41

00000000
00000000
00000000
00000000
11000000
.1000000
11000000
00000000

40

00000000
00000000
00000000
00000011
0000001.
00000011
00000000
00000000

39

00000000
00000000
00000000
00000111
000001.1
00000111
00000000
00000000

38

00000000
00000000
00000000
00001110
00001.10
00001110
00000000
00000000

37

00000000
00000000
00000000
00011100
0001.100
00011100
00000000
00000000

36

00000000
00000000
00000000
00111000
001.1000
00111000
00000000
00000000

35

00000000
00000000
00000000
01110000
01.10000
01110000
00000000
00000000

34

00000000
00000000
00000000
11100000
1.100000
11100000
00000000
00000000

33

00000000
00000000
00000000
11000000
.1000000
11000000
00000000
00000000

32

00000000
00000000
00000011
0000001.
00000011
00000000
00000000
00000000

31

00000000
00000000
00000111
000001.1
00000111
00000000
00000000
00000000

30

00000000
00000000
00001110
00001.10
00001110
00000000
00000000
00000000

29

00000000
00000000
00011100
0001.100
00011100
00000000
00000000
00000000

28

00000000
00000000
00111000
001.1000
00111000
00000000
00000000
00000000

27

00000000
00000000
01110000
01.10000
01110000
00000000
00000000
00000000

26

00000000
00000000
11100000
1.100000
11100000
00000000
00000000
00000000

25

00000000
00000000
11000000
.1000000
11000000
00000000
00000000
00000000

24

00000000
00000011
0000001.
00000011
00000000
00000000
00000000

23

00000000
00000111
000001.1
00000111
00000000
00000000
00000000
00000000

22

00000000
00001110
00001.10
00001110
00000000
00000000
00000000
00000000

21

00000000
00011100
0001.100
00011100
00000000
00000000
00000000
00000000

20

00000000
00111000
001.1000
00111000
00000000
00000000
00000000
00000000

19

00000000
01110000
01.10000
01110000
00000000
00000000
00000000
00000000

18

00000000
11100000
1.100000
11100000
00000000
00000000
00000000
00000000

17

00000000
11000000
.1000000
11000000
00000000
00000000
00000000
00000000

16

00000011
0000001.
00000011
00000000
00000000
00000000
00000000
00000000

15

00000111
000001.1
00000111
00000000
00000000
00000000
00000000
00000000

14

00001110
00001.10
00001110
00000000
00000000
00000000
00000000
00000000

13

00011100
0001.100
00011100
00000000
00000000
00000000
00000000
00000000

12

00111000
001.1000
00111000
00000000
00000000
00000000
00000000
00000000

11

01110000
01.10000
01110000
00000000
00000000
00000000
00000000
00000000

10

11100000
1.100000
11100000
00000000
00000000
00000000
00000000
00000000

09

11000000
.1000000
11000000
00000000
00000000
00000000
00000000
00000000

08

0000001.
00000011
00000000
00000000
00000000
00000000
00000000
00000000

07

000001.1
00000111
00000000
00000000
00000000
00000000
00000000
00000000

06

00001.10
00001110
00000000
00000000
00000000
00000000
00000000
00000000

05

0001.100
00011100
00000000
00000000
00000000
00000000
00000000
00000000

04

001.1000
00111000
00000000
00000000
00000000
00000000
00000000
00000000

03

01.10000
01110000
00000000
00000000
00000000
00000000
00000000
00000000

02

1.100000
11100000
00000000
00000000
00000000
00000000
00000000
00000000

01

.1000000
11000000
00000000
00000000
00000000
00000000
00000000
00000000




---------------------------




000000000000000000000000000000000000000000000000000000110000001.
00000000000000000000000000000000000000000000000000000111000001.1
0000000000000000000000000000000000000000000000000000111000001.10
000000000000000000000000000000000000000000000000000111000001.100
00000000000000000000000000000000000000000000000000111000001.1000
0000000000000000000000000000000000000000000000000111000001.10000
000000000000000000000000000000000000000000000000111000001.100000
00000000000000000000000000000000000000000000000011000000.1000000
0000000000000000000000000000000000000000000000110000001.00000011
000000000000000000000000000000000000000000000111000001.100000111
00000000000000000000000000000000000000000000111000001.1000001110
0000000000000000000000000000000000000000000111000001.10000011100
000000000000000000000000000000000000000000111000001.100000111000
00000000000000000000000000000000000000000111000001.1000001110000
0000000000000000000000000000000000000000111000001.10000011100000
000000000000000000000000000000000000000011000000.100000011000000
00000000000000000000000000000000000000110000001.0000001100000000
0000000000000000000000000000000000000111000001.10000011100000000
000000000000000000000000000000000000111000001.100000111000000000
00000000000000000000000000000000000111000001.1000001110000000000
0000000000000000000000000000000000111000001.10000011100000000000
000000000000000000000000000000000111000001.100000111000000000000
00000000000000000000000000000000111000001.1000001110000000000000
0000000000000000000000000000000011000000.10000001100000000000000
000000000000000000000000000000110000001.000000110000000000000000
00000000000000000000000000000111000001.1000001110000000000000000
0000000000000000000000000000111000001.10000011100000000000000000
000000000000000000000000000111000001.100000111000000000000000000
00000000000000000000000000111000001.1000001110000000000000000000
0000000000000000000000000111000001.10000011100000000000000000000
000000000000000000000000111000001.100000111000000000000000000000
00000000000000000000000011000000.1000000110000000000000000000000
0000000000000000000000110000001.00000011000000000000000000000000
000000000000000000000111000001.100000111000000000000000000000000
00000000000000000000111000001.1000001110000000000000000000000000
0000000000000000000111000001.10000011100000000000000000000000000
000000000000000000111000001.100000111000000000000000000000000000
00000000000000000111000001.1000001110000000000000000000000000000
0000000000000000111000001.10000011100000000000000000000000000000
000000000000000011000000.100000011000000000000000000000000000000
00000000000000110000001.0000001100000000000000000000000000000000
0000000000000111000001.10000011100000000000000000000000000000000
000000000000111000001.100000111000000000000000000000000000000000
00000000000111000001.1000001110000000000000000000000000000000000
0000000000111000001.10000011100000000000000000000000000000000000
000000000111000001.100000111000000000000000000000000000000000000
00000000111000001.1000001110000000000000000000000000000000000000
0000000011000000.10000001100000000000000000000000000000000000000
000000110000001.000000110000000000000000000000000000000000000000
00000111000001.1000001110000000000000000000000000000000000000000
0000111000001.10000011100000000000000000000000000000000000000000
000111000001.100000111000000000000000000000000000000000000000000
00111000001.1000001110000000000000000000000000000000000000000000
0111000001.10000011100000000000000000000000000000000000000000000
111000001.100000111000000000000000000000000000000000000000000000
11000000.1000000110000000000000000000000000000000000000000000000
0000001.00000011000000000000000000000000000000000000000000000000
000001.100000111000000000000000000000000000000000000000000000000
00001.1000001110000000000000000000000000000000000000000000000000
0001.10000011100000000000000000000000000000000000000000000000000
001.100000111000000000000000000000000000000000000000000000000000
01.1000001110000000000000000000000000000000000000000000000000000
1.10000011100000000000000000000000000000000000000000000000000000
.100000011000000000000000000000000000000000000000000000000000000

---------------------------




0000000000000000000000000000000000000000000000000000001100000010
0000000000000000000000000000000000000000000000000000011100000101
0000000000000000000000000000000000000000000000000000111000001010
0000000000000000000000000000000000000000000000000001110000010100
0000000000000000000000000000000000000000000000000011100000101000
0000000000000000000000000000000000000000000000000111000001010000
0000000000000000000000000000000000000000000000001110000010100000
0000000000000000000000000000000000000000000000001100000001000000
0000000000000000000000000000000000000000000000110000001000000011
0000000000000000000000000000000000000000000001110000010100000111
0000000000000000000000000000000000000000000011100000101000001110
0000000000000000000000000000000000000000000111000001010000011100
0000000000000000000000000000000000000000001110000010100000111000
0000000000000000000000000000000000000000011100000101000001110000
0000000000000000000000000000000000000000111000001010000011100000
0000000000000000000000000000000000000000110000000100000011000000
0000000000000000000000000000000000000011000000100000001100000000
0000000000000000000000000000000000000111000001010000011100000000
0000000000000000000000000000000000001110000010100000111000000000
0000000000000000000000000000000000011100000101000001110000000000
0000000000000000000000000000000000111000001010000011100000000000
0000000000000000000000000000000001110000010100000111000000000000
0000000000000000000000000000000011100000101000001110000000000000
0000000000000000000000000000000011000000010000001100000000000000
0000000000000000000000000000001100000010000000110000000000000000
0000000000000000000000000000011100000101000001110000000000000000
0000000000000000000000000000111000001010000011100000000000000000
0000000000000000000000000001110000010100000111000000000000000000
0000000000000000000000000011100000101000001110000000000000000000
0000000000000000000000000111000001010000011100000000000000000000
0000000000000000000000001110000010100000111000000000000000000000
0000000000000000000000001100000001000000110000000000000000000000
0000000000000000000000110000001000000011000000000000000000000000
0000000000000000000001110000010100000111000000000000000000000000
0000000000000000000011100000101000001110000000000000000000000000
0000000000000000000111000001010000011100000000000000000000000000
0000000000000000001110000010100000111000000000000000000000000000
0000000000000000011100000101000001110000000000000000000000000000
0000000000000000111000001010000011100000000000000000000000000000
0000000000000000110000000100000011000000000000000000000000000000
0000000000000011000000100000001100000000000000000000000000000000
0000000000000111000001010000011100000000000000000000000000000000
0000000000001110000010100000111000000000000000000000000000000000
0000000000011100000101000001110000000000000000000000000000000000
0000000000111000001010000011100000000000000000000000000000000000
0000000001110000010100000111000000000000000000000000000000000000
0000000011100000101000001110000000000000000000000000000000000000
0000000011000000010000001100000000000000000000000000000000000000
0000001100000010000000110000000000000000000000000000000000000000
0000011100000101000001110000000000000000000000000000000000000000
0000111000001010000011100000000000000000000000000000000000000000
0001110000010100000111000000000000000000000000000000000000000000
0011100000101000001110000000000000000000000000000000000000000000
0111000001010000011100000000000000000000000000000000000000000000
1110000010100000111000000000000000000000000000000000000000000000
1100000001000000110000000000000000000000000000000000000000000000
0000001000000011000000000000000000000000000000000000000000000000
0000010100000111000000000000000000000000000000000000000000000000
0000101000001110000000000000000000000000000000000000000000000000
0001010000011100000000000000000000000000000000000000000000000000
0010100000111000000000000000000000000000000000000000000000000000
0101000001110000000000000000000000000000000000000000000000000000
1010000011100000000000000000000000000000000000000000000000000000
0100000011000000000000000000000000000000000000000000000000000000

[ 302
, 705
, e0a
, 1c14
, 3828
, 7050
, e0a0
, c040
, 30203
, 70507
, e0a0e
, 1c141c
, 382838
, 705070
, e0a0e0
, c040c0
, 3020300
, 7050700
, e0a0e00
, 1c141c00
, 38283800
, 70507000
, e0a0e000
, c040c000
, 302030000
, 705070000
, e0a0e0000
, 1c141c0000
, 3828380000
, 7050700000
, e0a0e00000
, c040c00000
, 30203000000
, 70507000000
, e0a0e000000
, 1c141c000000
, 382838000000
, 705070000000
, e0a0e0000000
, c040c0000000
, 3020300000000
, 7050700000000
, e0a0e00000000
, 1c141c00000000
, 38283800000000
, 70507000000000
, e0a0e000000000
, c040c000000000
, 302030000000000
, 705070000000000
, e0a0e0000000000
, 1c141c0000000000
, 3828380000000000
, 7050700000000000
, e0a0e00000000000
, c040c00000000000
, 203000000000000
, 507000000000000
, a0e000000000000
, 141c000000000000
, 2838000000000000
, 5070000000000000
, a0e0000000000000
, 40c0000000000000 ]
