01010
10001
00.00
10001
01010

00000000
00000000
00000000
00000000
00000000
00000000
00000000
00000000


000000000000000
000000000000000
000000000000000
000000000000000
000000000000000
000000101000000
000001000100000
0000000.0000000
000001000100000
000000101000000
000000000000000
000000000000000
000000000000000
000000000000000
000000000000000

64

00000000
00000000
00000000
00000000
00000000
00000010
00000100
0000000.

63

00000000
00000000
00000000
00000000
00000000
00000101
00001000
000000.0

62

00000000
00000000
00000000
00000000
00000000
00001010
00010001
00000.00

61

00000000
00000000
00000000
00000000
00000000
00010100
00100010
0000.000

60

00000000
00000000
00000000
00000000
00000000
00101000
01000100
000.0000

59

00000000
00000000
00000000
00000000
00000000
01010000
10001000
00.00000

58

00000000
00000000
00000000
00000000
00000000
10100000
00010000
0.000000

57

00000000
00000000
00000000
00000000
00000000
01000000
00100000
.0000000

56

00000000
00000000
00000000
00000000
00000010
00000100
0000000.
00000100

55

00000000
00000000
00000000
00000000
00000101
00001000
000000.0
00001000

54

00000000
00000000
00000000
00000000
00001010
00010001
00000.00
00010001

53

00000000
00000000
00000000
00000000
00010100
00100010
0000.000
00100010

52

00000000
00000000
00000000
00000000
00101000
01000100
000.0000
01000100

51

00000000
00000000
00000000
00000000
01010000
10001000
00.00000
10001000

50

00000000
00000000
00000000
00000000
10100000
00010000
0.000000
00010000

49

00000000
00000000
00000000
00000000
01000000
00100000
.0000000
00100000

48

00000000
00000000
00000000
00000010
00000100
0000000.
00000100
00000010

47

00000000
00000000
00000000
00000101
00001000
000000.0
00001000
00000101

46

00000000
00000000
00000000
00001010
00010001
00000.00
00010001
00001010

45

00000000
00000000
00000000
00010100
00100010
0000.000
00100010
00010100

44

00000000
00000000
00000000
00101000
01000100
000.0000
01000100
00101000

43

00000000
00000000
00000000
01010000
10001000
00.00000
10001000
01010000

42

00000000
00000000
00000000
10100000
00010000
0.000000
00010000
10100000

41

00000000
00000000
00000000
01000000
00100000
.0000000
00100000
01000000

40

00000000
00000000
00000010
00000100
0000000.
00000100
00000010
00000000

39

00000000
00000000
00000101
00001000
000000.0
00001000
00000101
00000000

38

00000000
00000000
00001010
00010001
00000.00
00010001
00001010
00000000

37

00000000
00000000
00010100
00100010
0000.000
00100010
00010100
00000000

36

00000000
00000000
00101000
01000100
000.0000
01000100
00101000
00000000

35

00000000
00000000
01010000
10001000
00.00000
10001000
01010000
00000000

34

00000000
00000000
10100000
00010000
0.000000
00010000
10100000
00000000

33

00000000
00000000
01000000
00100000
.0000000
00100000
01000000
00000000

32

00000000
00000010
00000100
0000000.
00000100
00000010
00000000
00000000

31

00000000
00000101
00001000
000000.0
00001000
00000101
00000000
00000000

30

00000000
00001010
00010001
00000.00
00010001
00001010
00000000
00000000

29

00000000
00010100
00100010
0000.000
00100010
00010100
00000000
00000000

28

00000000
00101000
01000100
000.0000
01000100
00101000
00000000
00000000

27

00000000
01010000
10001000
00.00000
10001000
01010000
00000000
00000000

26

00000000
10100000
00010000
0.000000
00010000
10100000
00000000
00000000

25

00000000
01000000
00100000
.0000000
00100000
01000000
00000000
00000000

24

00000010
00000100
0000000.
00000100
00000010
00000000
00000000
00000000

23

00000101
00001000
000000.0
00001000
00000101
00000000
00000000
00000000

22

00001010
00010001
00000.00
00010001
00001010
00000000
00000000
00000000

21

00010100
00100010
0000.000
00100010
00010100
00000000
00000000
00000000

20

00101000
01000100
000.0000
01000100
00101000
00000000
00000000
00000000

19

01010000
10001000
00.00000
10001000
01010000
00000000
00000000
00000000

18

10100000
00010000
0.000000
00010000
10100000
00000000
00000000
00000000

17

01000000
00100000
.0000000
00100000
01000000
00000000
00000000
00000000

16

00000100
0000000.
00000100
00000010
00000000
00000000
00000000
00000000

15

00001000
000000.0
00001000
00000101
00000000
00000000
00000000
00000000

14

00010001
00000.00
00010001
00001010
00000000
00000000
00000000
00000000

13

00100010
0000.000
00100010
00010100
00000000
00000000
00000000
00000000

12

01000100
000.0000
01000100
00101000
00000000
00000000
00000000
00000000

11

10001000
00.00000
10001000
01010000
00000000
00000000
00000000
00000000

10

00010000
0.000000
00010000
10100000
00000000
00000000
00000000
00000000

09

00100000
.0000000
00100000
01000000
00000000
00000000
00000000
00000000

08

0000000.
00000100
00000010
00000000
00000000
00000000
00000000
00000000

07

000000.0
00001000
00000101
00000000
00000000
00000000
00000000
00000000

06

00000.00
00010001
00001010
00000000
00000000
00000000
00000000
00000000

05

0000.000
00100010
00010100
00000000
00000000
00000000
00000000
00000000

04

000.0000
01000100
00101000
00000000
00000000
00000000
00000000
00000000

03

00.00000
10001000
01010000
00000000
00000000
00000000
00000000
00000000

02

0.000000
00010000
10100000
00000000
00000000
00000000
00000000
00000000

01

.0000000
00100000
01000000
00000000
00000000
00000000
00000000
00000000








------------------------------------------------------

000000000000000000000000000000000000000000000010000001000000000.
00000000000000000000000000000000000000000000010100001000000000.0
0000000000000000000000000000000000000000000010100001000100000.00
000000000000000000000000000000000000000000010100001000100000.000
00000000000000000000000000000000000000000010100001000100000.0000
0000000000000000000000000000000000000000010100001000100000.00000
000000000000000000000000000000000000000010100000000100000.000000
00000000000000000000000000000000000000000100000000100000.0000000
0000000000000000000000000000000000000010000001000000000.00000100
000000000000000000000000000000000000010100001000000000.000001000
00000000000000000000000000000000000010100001000100000.0000010001
0000000000000000000000000000000000010100001000100000.00000100010
000000000000000000000000000000000010100001000100000.000001000100
00000000000000000000000000000000010100001000100000.0000010001000
0000000000000000000000000000000010100000000100000.00000000010000
000000000000000000000000000000000100000000100000.000000000100000
00000000000000000000000000000010000001000000000.0000010000000010
0000000000000000000000000000010100001000000000.00000100000000101
000000000000000000000000000010100001000100000.000001000100001010
00000000000000000000000000010100001000100000.0000010001000010100
0000000000000000000000000010100001000100000.00000100010000101000
000000000000000000000000010100001000100000.000001000100001010000
00000000000000000000000010100000000100000.0000000001000010100000
0000000000000000000000000100000000100000.00000000010000001000000
000000000000000000000010000001000000000.000001000000001000000000
00000000000000000000010100001000000000.0000010000000010100000000
0000000000000000000010100001000100000.00000100010000101000000000
000000000000000000010100001000100000.000001000100001010000000000
00000000000000000010100001000100000.0000010001000010100000000000
0000000000000000010100001000100000.00000100010000101000000000000
000000000000000010100000000100000.000000000100001010000000000000
00000000000000000100000000100000.0000000001000000100000000000000
0000000000000010000001000000000.00000100000000100000000000000000
000000000000010100001000000000.000001000000001010000000000000000
00000000000010100001000100000.0000010001000010100000000000000000
0000000000010100001000100000.00000100010000101000000000000000000
000000000010100001000100000.000001000100001010000000000000000000
00000000010100001000100000.0000010001000010100000000000000000000
0000000010100000000100000.00000000010000101000000000000000000000
000000000100000000100000.000000000100000010000000000000000000000
00000010000001000000000.0000010000000010000000000000000000000000
0000010100001000000000.00000100000000101000000000000000000000000
000010100001000100000.000001000100001010000000000000000000000000
00010100001000100000.0000010001000010100000000000000000000000000
0010100001000100000.00000100010000101000000000000000000000000000
010100001000100000.000001000100001010000000000000000000000000000
10100000000100000.0000000001000010100000000000000000000000000000
0100000000100000.00000000010000001000000000000000000000000000000
000001000000000.000001000000001000000000000000000000000000000000
00001000000000.0000010000000010100000000000000000000000000000000
0001000100000.00000100010000101000000000000000000000000000000000
001000100000.000001000100001010000000000000000000000000000000000
01000100000.0000010001000010100000000000000000000000000000000000
1000100000.00000100010000101000000000000000000000000000000000000
000100000.000000000100001010000000000000000000000000000000000000
00100000.0000000001000000100000000000000000000000000000000000000
0000000.00000100000000100000000000000000000000000000000000000000
000000.000001000000001010000000000000000000000000000000000000000
00000.0000010001000010100000000000000000000000000000000000000000
0000.00000100010000101000000000000000000000000000000000000000000
000.000001000100001010000000000000000000000000000000000000000000
00.0000010001000010100000000000000000000000000000000000000000000
0.00000000010000101000000000000000000000000000000000000000000000
.000000000100000010000000000000000000000000000000000000000000000

------------------------------------------------------

0000000000000000000000000000000000000000000000100000010000000000
0000000000000000000000000000000000000000000001010000100000000000
0000000000000000000000000000000000000000000010100001000100000000
0000000000000000000000000000000000000000000101000010001000000000
0000000000000000000000000000000000000000001010000100010000000000
0000000000000000000000000000000000000000010100001000100000000000
0000000000000000000000000000000000000000101000000001000000000000
0000000000000000000000000000000000000000010000000010000000000000
0000000000000000000000000000000000000010000001000000000000000100
0000000000000000000000000000000000000101000010000000000000001000
0000000000000000000000000000000000001010000100010000000000010001
0000000000000000000000000000000000010100001000100000000000100010
0000000000000000000000000000000000101000010001000000000001000100
0000000000000000000000000000000001010000100010000000000010001000
0000000000000000000000000000000010100000000100000000000000010000
0000000000000000000000000000000001000000001000000000000000100000
0000000000000000000000000000001000000100000000000000010000000010
0000000000000000000000000000010100001000000000000000100000000101
0000000000000000000000000000101000010001000000000001000100001010
0000000000000000000000000001010000100010000000000010001000010100
0000000000000000000000000010100001000100000000000100010000101000
0000000000000000000000000101000010001000000000001000100001010000
0000000000000000000000001010000000010000000000000001000010100000
0000000000000000000000000100000000100000000000000010000001000000
0000000000000000000000100000010000000000000001000000001000000000
0000000000000000000001010000100000000000000010000000010100000000
0000000000000000000010100001000100000000000100010000101000000000
0000000000000000000101000010001000000000001000100001010000000000
0000000000000000001010000100010000000000010001000010100000000000
0000000000000000010100001000100000000000100010000101000000000000
0000000000000000101000000001000000000000000100001010000000000000
0000000000000000010000000010000000000000001000000100000000000000
0000000000000010000001000000000000000100000000100000000000000000
0000000000000101000010000000000000001000000001010000000000000000
0000000000001010000100010000000000010001000010100000000000000000
0000000000010100001000100000000000100010000101000000000000000000
0000000000101000010001000000000001000100001010000000000000000000
0000000001010000100010000000000010001000010100000000000000000000
0000000010100000000100000000000000010000101000000000000000000000
0000000001000000001000000000000000100000010000000000000000000000
0000001000000100000000000000010000000010000000000000000000000000
0000010100001000000000000000100000000101000000000000000000000000
0000101000010001000000000001000100001010000000000000000000000000
0001010000100010000000000010001000010100000000000000000000000000
0010100001000100000000000100010000101000000000000000000000000000
0101000010001000000000001000100001010000000000000000000000000000
1010000000010000000000000001000010100000000000000000000000000000
0100000000100000000000000010000001000000000000000000000000000000
0000010000000000000001000000001000000000000000000000000000000000
0000100000000000000010000000010100000000000000000000000000000000
0001000100000000000100010000101000000000000000000000000000000000
0010001000000000001000100001010000000000000000000000000000000000
0100010000000000010001000010100000000000000000000000000000000000
1000100000000000100010000101000000000000000000000000000000000000
0001000000000000000100001010000000000000000000000000000000000000
0010000000000000001000000100000000000000000000000000000000000000
0000000000000100000000100000000000000000000000000000000000000000
0000000000001000000001010000000000000000000000000000000000000000
0000000000010001000010100000000000000000000000000000000000000000
0000000000100010000101000000000000000000000000000000000000000000
0000000001000100001010000000000000000000000000000000000000000000
0000000010001000010100000000000000000000000000000000000000000000
0000000000010000101000000000000000000000000000000000000000000000
0000000000100000010000000000000000000000000000000000000000000000

[20400
,50800
,a1100
,142200
,284400
,508800
,a01000
,402000
,2040004
,5080008
,a110011
,14220022
,28440044
,50880088
,a0100010
,40200020
,204000402
,508000805
,a1100110a
,1422002214
,2844004428
,5088008850
,a0100010a0
,4020002040
,20400040200
,50800080500
,a1100110a00
,142200221400
,284400442800
,508800885000
,a0100010a000
,402000204000
,2040004020000
,5080008050000
,a1100110a0000
,14220022140000
,28440044280000
,50880088500000
,a0100010a00000
,40200020400000
,204000402000000
,508000805000000
,a1100110a000000
,1422002214000000
,2844004428000000
,5088008850000000
,a0100010a0000000
,4020002040000000
,400040200000000
,800080500000000
,1100110a00000000
,2200221400000000
,4400442800000000
,8800885000000000
,100010a000000000
,2000204000000000
,4020000000000
,8050000000000
,110a0000000000
,22140000000000
,44280000000000
,88500000000000
,10a00000000000
,20400000000000 ]

[ 1
,2
,4
,8
,16
,32
,64
,128
,256
,512
,1024
,2048
,4096
,8192
,16384
,32768
,65536
,131072
,262144
,524288
,1048576
,2097152
,4194304
,8388608
,16777216
,33554432
,67108864
,134217728
,268435456
,536870912
,1073741824
,2147483648
,4294967296
,8589934592
,17179869184
,34359738368
,68719476736
,137438953472
,274877906944
,549755813888
,1099511627776
,2199023255552
,4398046511104
,8796093022208
,17592186044416
,35184372088832
,70368744177664
,140737488355328
,281474976710656
,562949953421312
,1125899906842624
,2251799813685248
,4503599627370496
,9007199254740992
,18014398509481984
,36028797018963968
,72057594037927936
,144115188075855872
,288230376151711744
,576460752303423488
,1152921504606846976
,2305843009213693952
,4611686018427387904
,9223372036854775808
]

00010110
00100110
0000.00.




------------------------------------------------------

000000000000000000000000000000000000000000000010000001000000000.
00000000000000000000000000000000000000000000010100001000000000.0
0000000000000000000000000000000000000000000010100001000100000.00
000000000000000000000000000000000000000000010100001000100000.000
00000000000000000000000000000000000000000010100001000100000.0000
0000000000000000000000000000000000000000010100001000100000.00000
000000000000000000000000000000000000000010100000000100000.000000
00000000000000000000000000000000000000000100000000100000.0000000
0000000000000000000000000000000000000010000001000000000.00000100
000000000000000000000000000000000000010100001000000000.000001000
00000000000000000000000000000000000010100001000100000.0000010001
0000000000000000000000000000000000010100001000100000.00000100010
000000000000000000000000000000000010100001000100000.000001000100
00000000000000000000000000000000010100001000100000.0000010001000
0000000000000000000000000000000010100000000100000.00000000010000
000000000000000000000000000000000100000000100000.000000000100000
00000000000000000000000000000010000001000000000.0000010000000010
0000000000000000000000000000010100001000000000.00000100000000101
000000000000000000000000000010100001000100000.000001000100001010
00000000000000000000000000010100001000100000.0000010001000010100
0000000000000000000000000010100001000100000.00000100010000101000
000000000000000000000000010100001000100000.000001000100001010000
00000000000000000000000010100000000100000.0000000001000010100000
0000000000000000000000000100000000100000.00000000010000001000000
000000000000000000000010000001000000000.000001000000001000000000
00000000000000000000010100001000000000.0000010000000010100000000
0000000000000000000010100001000100000.00000100010000101000000000
000000000000000000010100001000100000.000001000100001010000000000
00000000000000000010100001000100000.0000010001000010100000000000
0000000000000000010100001000100000.00000100010000101000000000000
000000000000000010100000000100000.000000000100001010000000000000
00000000000000000100000000100000.0000000001000000100000000000000
0000000000000010000001000000000.00000100000000100000000000000000
000000000000010100001000000000.000001000000001010000000000000000
00000000000010100001000100000.0000010001000010100000000000000000
0000000000010100001000100000.00000100010000101000000000000000000
000000000010100001000100000.000001000100001010000000000000000000
00000000010100001000100000.0000010001000010100000000000000000000
0000000010100000000100000.00000000010000101000000000000000000000
000000000100000000100000.000000000100000010000000000000000000000
00000010000001000000000.0000010000000010000000000000000000000000
0000010100001000000000.00000100000000101000000000000000000000000
000010100001000100000.000001000100001010000000000000000000000000
00010100001000100000.0000010001000010100000000000000000000000000
0010100001000100000.00000100010000101000000000000000000000000000
010100001000100000.000001000100001010000000000000000000000000000
10100000000100000.0000000001000010100000000000000000000000000000
0100000000100000.00000000010000001000000000000000000000000000000
000001000000000.000001000000001000000000000000000000000000000000
00001000000000.0000010000000010100000000000000000000000000000000
0001000100000.00000100010000101000000000000000000000000000000000
001000100000.000001000100001010000000000000000000000000000000000
01000100000.0000010001000010100000000000000000000000000000000000
1000100000.00000100010000101000000000000000000000000000000000000
000100000.000000000100001010000000000000000000000000000000000000
00100000.0000000001000000100000000000000000000000000000000000000
0000000.00000100000000100000000000000000000000000000000000000000
000000.000001000000001010000000000000000000000000000000000000000
00000.0000010001000010100000000000000000000000000000000000000000
0000.00000100010000101000000000000000000000000000000000000000000
000.000001000100001010000000000000000000000000000000000000000000
00.0000010001000010100000000000000000000000000000000000000000000
0.00000000010000101000000000000000000000000000000000000000000000
.000000000100000010000000000000000000000000000000000000000000000

11111000
01111000
00111000
00011000
00001000
00000000
00000000
00000000

00000000
00000000
01000000
00100000
00010000
00001000
00000100
00000000

magicmoves_b_magics=
	[0x0002020202020200, 0x0002020202020000, 0x0004010202000000, 0x0004040080000000
	,0x0001104000000000, 0x0000821040000000, 0x0000410410400000, 0x0000104104104000
	,0x0000040404040400, 0x0000020202020200, 0x0000040102020000, 0x0000040400800000
	,0x0000011040000000, 0x0000008210400000, 0x0000004104104000, 0x0000002082082000
	,0x0004000808080800, 0x0002000404040400, 0x0001000202020200, 0x0000800802004000
	,0x0000800400A00000, 0x0000200100884000, 0x0000400082082000, 0x0000200041041000
	,0x0002080010101000, 0x0001040008080800, 0x0000208004010400, 0x0000404004010200
	,0x0000840000802000, 0x0000404002011000, 0x0000808001041000, 0x0000404000820800
	,0x0001041000202000, 0x0000820800101000, 0x0000104400080800, 0x0000020080080080
	,0x0000404040040100, 0x0000808100020100, 0x0001010100020800, 0x0000808080010400
	,0x0000820820004000, 0x0000410410002000, 0x0000082088001000, 0x0000002011000800
	,0x0000080100400400, 0x0001010101000200, 0x0002020202000400, 0x0001010101000200
	,0x0000410410400000, 0x0000208208200000, 0x0000002084100000, 0x0000000020880000
	,0x0000001002020000, 0x0000040408020000, 0x0004040404040000, 0x0002020202020000
	,0x0000104104104000, 0x0000002082082000, 0x0000000020841000, 0x0000000000208800
	,0x0000000010020200, 0x0000000404080200, 0x0000040404040400, 0x0002020202020200
  ]

magicmoves_b =
	[0x0040201008040200, 0x0000402010080400, 0x0000004020100A00, 0x0000000040221400
	,0x0000000002442800, 0x0000000204085000, 0x0000020408102000, 0x0002040810204000
	,0x0020100804020000, 0x0040201008040000, 0x00004020100A0000, 0x0000004022140000
	,0x0000000244280000, 0x0000020408500000, 0x0002040810200000, 0x0004081020400000
	,0x0010080402000200, 0x0020100804000400, 0x004020100A000A00, 0x0000402214001400
	,0x0000024428002800, 0x0002040850005000, 0x0004081020002000, 0x0008102040004000
	,0x0008040200020400, 0x0010080400040800, 0x0020100A000A1000, 0x0040221400142200
	,0x0002442800284400, 0x0004085000500800, 0x0008102000201000, 0x0010204000402000
	,0x0004020002040800, 0x0008040004081000, 0x00100A000A102000, 0x0022140014224000
	,0x0044280028440200, 0x0008500050080400, 0x0010200020100800, 0x0020400040201000
	,0x0002000204081000, 0x0004000408102000, 0x000A000A10204000, 0x0014001422400000
	,0x0028002844020000, 0x0050005008040200, 0x0020002010080400, 0x0040004020100800
	,0x0000020408102000, 0x0000040810204000, 0x00000A1020400000, 0x0000142240000000
	,0x0000284402000000, 0x0000500804020000, 0x0000201008040200, 0x0000402010080400
	,0x0002040810204000, 0x0004081020400000, 0x000A102040000000, 0x0014224000000000
	,0x0028440200000000, 0x0050080402000000, 0x0020100804020000, 0x0040201008040200
  ]




64

00000000
00000000
00000000
00000000
00000000
00000000
00000011
0000001.

63

00000000
00000000
00000000
00000000
00000000
00000000
00000111
000001.1

62

00000000
00000000
00000000
00000000
00000000
00000000
00001110
00001.10

61

00000000
00000000
00000000
00000000
00000000
00000000
00011100
0001.100

60

00000000
00000000
00000000
00000000
00000000
00000000
00111000
001.1000

59

00000000
00000000
00000000
00000000
00000000
00000000
01110000
01.10000

58

00000000
00000000
00000000
00000000
00000000
00000000
11100000
1.100000

57

00000000
00000000
00000000
00000000
00000000
00000000
11000000
.1000000

56

00000000
00000000
00000000
00000000
00000000
00000000
0000000.
00000000

55

00000000
00000000
00000000
00000000
00000000
00000000
000000.0
00000000

54

00000000
00000000
00000000
00000000
00000000
00000000
00000.00
00000000

53

00000000
00000000
00000000
00000000
00000000
00000000
0000.000
00000000

52

00000000
00000000
00000000
00000000
00000000
00000000
000.0000
00000000

51

00000000
00000000
00000000
00000000
00000000
00000000
00.00000
00000000

50

00000000
00000000
00000000
00000000
00000000
00000000
0.000000
00000000

49

00000000
00000000
00000000
00000000
00000000
00000000
.0000000
00000000

48

00000000
00000000
00000000
00000000
00000000
0000000.
00000000
00000000

47

00000000
00000000
00000000
00000000
00000000
000000.0
00000000
00000000

46

00000000
00000000
00000000
00000000
00000000
00000.00
00000000
00000000

45

00000000
00000000
00000000
00000000
00000000
0000.000
00000000
00000000

44

00000000
00000000
00000000
00000000
00000000
000.0000
00000000
00000000

43

00000000
00000000
00000000
00000000
00000000
00.00000
00000000
00000000

42

00000000
00000000
00000000
00000000
00000000
0.000000
00000000
00000000

41

00000000
00000000
00000000
00000000
00000000
.0000000
00000000
00000000

40

00000000
00000000
00000000
00000000
0000000.
00000000
00000000
00000000

39

00000000
00000000
00000000
00000000
000000.0
00000000
00000000
00000000

38

00000000
00000000
00000000
00000000
00000.00
00000000
00000000
00000000

37

00000000
00000000
00000000
00000000
0000.000
00000000
00000000
00000000

36

00000000
00000000
00000000
00000000
000.0000
00000000
00000000
00000000

35

00000000
00000000
00000000
00000000
00.00000
00000000
00000000
00000000

34

00000000
00000000
00000000
00000000
0.000000
00000000
00000000
00000000

33

00000000
00000000
00000000
00000000
.0000000
00000000
00000000
00000000

32

00000000
00000000
00000000
0000000.
00000000
00000000
00000000
00000000

31

00000000
00000000
00000000
000000.0
00000000
00000000
00000000
00000000

30

00000000
00000000
00000000
00000.00
00000000
00000000
00000000
00000000

29

00000000
00000000
00000000
0000.000
00000000
00000000
00000000
00000000

28

00000000
00000000
00000000
000.0000
00000000
00000000
00000000
00000000

27

00000000
00000000
00000000
00.00000
00000000
00000000
00000000
00000000

26

00000000
00000000
00000000
0.000000
00000000
00000000
00000000
00000000

25

00000000
00000000
00000000
.0000000
00000000
00000000
00000000
00000000

24

00000000
00000000
0000000.
00000000
00000000
00000000
00000000

23

00000000
00000000
000000.0
00000000
00000000
00000000
00000000
00000000

22

00000000
00000000
00000.00
00000000
00000000
00000000
00000000
00000000

21

00000000
00000000
0000.000
00000000
00000000
00000000
00000000
00000000

20

00000000
00000000
000.0000
00000000
00000000
00000000
00000000
00000000

19

00000000
00000000
00.00000
00000000
00000000
00000000
00000000
00000000

18

00000000
00000000
0.000000
00000000
00000000
00000000
00000000
00000000

17

00000000
00000000
.0000000
00000000
00000000
00000000
00000000
00000000

16

00000000
0000000.
00000000
00000000
00000000
00000000
00000000
00000000

15

00000000
000000.0
00000000
00000000
00000000
00000000
00000000
00000000

14

00000000
00000.00
00000000
00000000
00000000
00000000
00000000
00000000

13

00000000
0000.000
00000000
00000000
00000000
00000000
00000000
00000000

12

00000000
000.0000
00000000
00000000
00000000
00000000
00000000
00000000

11

00000000
00.00000
00000000
00000000
00000000
00000000
00000000
00000000

10

00000000
0.000000
00000000
00000000
00000000
00000000
00000000
00000000

09

00000000
.0000000
00000000
00000000
00000000
00000000
00000000
00000000

08

0000000.
00000000
00000000
00000000
00000000
00000000
00000000
00000000

07

000000.0
00000000
00000000
00000000
00000000
00000000
00000000
00000000

06

00000.00
00000000
00000000
00000000
00000000
00000000
00000000
00000000

05

0000.000
00000000
00000000
00000000
00000000
00000000
00000000
00000000

04

000.0000
00000000
00000000
00000000
00000000
00000000
00000000
00000000

03

00.00000
00000000
00000000
00000000
00000000
00000000
00000000
00000000

02

0.000000
00000000
00000000
00000000
00000000
00000000
00000000
00000000

01

.0000000
00000000
00000000
00000000
00000000
00000000
00000000
00000000


