
64

00000000
00000000
00000000
00000000
00000000
00000000
00000011
0000001.

63

00000000
00000000
00000000
00000000
00000000
00000000
00000111
000001.1

62

00000000
00000000
00000000
00000000
00000000
00000000
00001110
00001.10

61

00000000
00000000
00000000
00000000
00000000
00000000
00011100
0001.100

60

00000000
00000000
00000000
00000000
00000000
00000000
00111000
001.1000

59

00000000
00000000
00000000
00000000
00000000
00000000
01110000
01.10000

58

00000000
00000000
00000000
00000000
00000000
00000000
11100000
1.100000

57

00000000
00000000
00000000
00000000
00000000
00000000
11000000
.1000000

56

00000000
00000000
00000000
00000000
00000000
00000000
0000000.
00000000

55

00000000
00000000
00000000
00000000
00000000
00000000
000000.0
00000000

54

00000000
00000000
00000000
00000000
00000000
00000000
00000.00
00000000

53

00000000
00000000
00000000
00000000
00000000
00000000
0000.000
00000000

52

00000000
00000000
00000000
00000000
00000000
00000000
000.0000
00000000

51

00000000
00000000
00000000
00000000
00000000
00000000
00.00000
00000000

50

00000000
00000000
00000000
00000000
00000000
00000000
0.000000
00000000

49

00000000
00000000
00000000
00000000
00000000
00000000
.0000000
00000000

48

00000000
00000000
00000000
00000000
00000000
0000000.
00000000
00000000

47

00000000
00000000
00000000
00000000
00000000
000000.0
00000000
00000000

46

00000000
00000000
00000000
00000000
00000000
00000.00
00000000
00000000

45

00000000
00000000
00000000
00000000
00000000
0000.000
00000000
00000000

44

00000000
00000000
00000000
00000000
00000000
000.0000
00000000
00000000

43

00000000
00000000
00000000
00000000
00000000
00.00000
00000000
00000000

42

00000000
00000000
00000000
00000000
00000000
0.000000
00000000
00000000

41

00000000
00000000
00000000
00000000
00000000
.0000000
00000000
00000000

40

00000000
00000000
00000000
00000000
0000000.
00000000
00000000
00000000

39

00000000
00000000
00000000
00000000
000000.0
00000000
00000000
00000000

38

00000000
00000000
00000000
00000000
00000.00
00000000
00000000
00000000

37

00000000
00000000
00000000
00000000
0000.000
00000000
00000000
00000000

36

00000000
00000000
00000000
00000000
000.0000
00000000
00000000
00000000

35

00000000
00000000
00000000
00000000
00.00000
00000000
00000000
00000000

34

00000000
00000000
00000000
00000000
0.000000
00000000
00000000
00000000

33

00000000
00000000
00000000
00000000
.0000000
00000000
00000000
00000000

32

00000000
00000000
00000000
0000000.
00000000
00000000
00000000
00000000

31

00000000
00000000
00000000
000000.0
00000000
00000000
00000000
00000000

30

00000000
00000000
00000000
00000.00
00000000
00000000
00000000
00000000

29

00000000
00000000
00000000
0000.000
00000000
00000000
00000000
00000000

28

00000000
00000000
00000000
000.0000
00000000
00000000
00000000
00000000

27

00000000
00000000
00000000
00.00000
00000000
00000000
00000000
00000000

26

00000000
00000000
00000000
0.000000
00000000
00000000
00000000
00000000

25

00000000
00000000
00000000
.0000000
00000000
00000000
00000000
00000000

24

00000000
00000000
0000000.
00000000
00000000
00000000
00000000

23

00000000
00000000
000000.0
00000000
00000000
00000000
00000000
00000000

22

00000000
00000000
00000.00
00000000
00000000
00000000
00000000
00000000

21

00000000
00000000
0000.000
00000000
00000000
00000000
00000000
00000000

20

00000000
00000000
000.0000
00000000
00000000
00000000
00000000
00000000

19

00000000
00000000
00.00000
00000000
00000000
00000000
00000000
00000000

18

00000000
00000000
0.000000
00000000
00000000
00000000
00000000
00000000

17

00000000
00000000
.0000000
00000000
00000000
00000000
00000000
00000000

16

00000000
0000000.
00000000
00000000
00000000
00000000
00000000
00000000

15

00000000
000000.0
00000000
00000000
00000000
00000000
00000000
00000000

14

00000000
00000.00
00000000
00000000
00000000
00000000
00000000
00000000

13

00000000
0000.000
00000000
00000000
00000000
00000000
00000000
00000000

12

00000000
000.0000
00000000
00000000
00000000
00000000
00000000
00000000

11

00000000
00.00000
00000000
00000000
00000000
00000000
00000000
00000000

10

00000000
0.000000
00000000
00000000
00000000
00000000
00000000
00000000

09

00000000
.0000000
00000000
00000000
00000000
00000000
00000000
00000000

08

0000000.
00000000
00000000
00000000
00000000
00000000
00000000
00000000

07

000000.0
00000000
00000000
00000000
00000000
00000000
00000000
00000000

06

00000.00
00000000
00000000
00000000
00000000
00000000
00000000
00000000

05

0000.000
00000000
00000000
00000000
00000000
00000000
00000000
00000000

04

000.0000
00000000
00000000
00000000
00000000
00000000
00000000
00000000

03

00.00000
00000000
00000000
00000000
00000000
00000000
00000000
00000000

02

0.000000
00000000
00000000
00000000
00000000
00000000
00000000
00000000

01

.0000000
00000000
00000000
00000000
00000000
00000000
00000000
00000000
