0000000000000100000000001000000000000000000001000000000000000000


--------------------------------------

right mask

11111110
11111110
11111110
11111110
11111110
11111110
11111110
11111110

11111100
11111100
11111100
11111100
11111100
11111100
11111100
11111100

11111000
11111000
11111000
11111000
11111000
11111000
11111000
11111000

11110000
11110000
11110000
11110000
11110000
11110000
11110000
11110000

11100000
11100000
11100000
11100000
11100000
11100000
11100000
11100000

11000000
11000000
11000000
11000000
11000000
11000000
11000000
11000000

10000000
10000000
10000000
10000000
10000000
10000000
10000000
10000000

----------------------------------

left mask

01111111
01111111
01111111
01111111
01111111
01111111
01111111
01111111

00111111
00111111
00111111
00111111
00111111
00111111
00111111
00111111

00011111
00011111
00011111
00011111
00011111
00011111
00011111
00011111

00001111
00001111
00001111
00001111
00001111
00001111
00001111
00001111

00000111
00000111
00000111
00000111
00000111
00000111
00000111
00000111

00000011
00000011
00000011
00000011
00000011
00000011
00000011
00000011

00000001
00000001
00000001
00000001
00000001
00000001
00000001
00000001





11111111
11111111
11111111
11111111
11111111
11111111
11111111
00000000

11111111
11111111
11111111
11111111
11111111
11111111
00000000
00000000

-----------------------------

11111111
00000000
00000000
00000000
00000000
00000000
00000000
00000000

11111111
01000000
01000000
01000000
01000000
01000000
01000000
01000000

11111111
00100000
00100000
00100000
00100000
00100000
00100000
00100000

11111111
00010000
00010000
00010000
00010000
00010000
00010000
00010000

11111111
00001000
00001000
00001000
00001000
00001000
00001000
00001000

11111111
00000100
00000100
00000100
00000100
00000100
00000100
00000100

11111111
00000010
00000010
00000010
00000010
00000010
00000010
00000010

11111111
00000001
00000001
00000001
00000001
00000001
00000001
00000001

10000000
11111111
10000000
10000000
10000000
10000000
10000000
10000000

01000000
11111111
01000000
01000000
01000000
01000000
01000000
01000000

00100000
11111111
00100000
00100000
00100000
00100000
00100000
00100000

00010000
11111111
00010000
00010000
00010000
00010000
00010000
00010000

00001000
11111111
00001000
00001000
00001000
00001000
00001000
00001000

00000100
11111111
00000100
00000100
00000100
00000100
00000100
00000100

00000010
11111111
00000010
00000010
00000010
00000010
00000010
00000010

00000001
11111111
00000001
00000001
00000001
00000001
00000001
00000001

10000000
10000000
11111111
10000000
10000000
10000000
10000000
10000000

01000000
01000000
11111111
01000000
01000000
01000000
01000000
01000000

00100000
00100000
11111111
00100000
00100000
00100000
00100000
00100000

00010000
00010000
11111111
00010000
00010000
00010000
00010000
00010000

00001000
00001000
11111111
00001000
00001000
00001000
00001000
00001000

00000100
00000100
11111111
00000100
00000100
00000100
00000100
00000100

00000010
00000010
11111111
00000010
00000010
00000010
00000010
00000010

00000001
00000001
11111111
00000001
00000001
00000001
00000001
00000001

10000000
10000000
10000000
11111111
10000000
10000000
10000000
10000000

01000000
01000000
01000000
11111111
01000000
01000000
01000000
01000000

00100000
00100000
00100000
11111111
00100000
00100000
00100000
00100000

00010000
00010000
00010000
11111111
00010000
00010000
00010000
00010000

00001000
00001000
00001000
11111111
00001000
00001000
00001000
00001000

00000100
00000100
00000100
11111111
00000100
00000100
00000100
00000100

00000010
00000010
00000010
11111111
00000010
00000010
00000010
00000010

00000001
00000001
00000001
11111111
00000001
00000001
00000001
00000001

10000000
10000000
10000000
10000000
11111111
10000000
10000000
10000000

01000000
01000000
01000000
01000000
11111111
01000000
01000000
01000000

00100000
00100000
00100000
00100000
11111111
00100000
00100000
00100000

00010000
00010000
00010000
00010000
11111111
00010000
00010000
00010000

00001000
00001000
00001000
00001000
11111111
00001000
00001000
00001000

00000100
00000100
00000100
00000100
11111111
00000100
00000100
00000100

00000010
00000010
00000010
00000010
11111111
00000010
00000010
00000010

00000001
00000001
00000001
00000001
11111111
00000001
00000001
00000001

10000000
10000000
10000000
10000000
10000000
11111111
10000000
10000000

01000000
01000000
01000000
01000000
01000000
11111111
01000000
01000000

00100000
00100000
00100000
00100000
00100000
11111111
00100000
00100000

00010000
00010000
00010000
00010000
00010000
11111111
00010000
00010000

00001000
00001000
00001000
00001000
00001000
11111111
00001000
00001000

00000100
00000100
00000100
00000100
00000100
11111111
00000100
00000100

00000010
00000010
00000010
00000010
00000010
11111111
00000010
00000010

00000001
00000001
00000001
00000001
00000001
11111111
00000001
00000001

10000000
10000000
10000000
10000000
10000000
10000000
11111111
10000000

01000000
01000000
01000000
01000000
01000000
01000000
11111111
01000000

00100000
00100000
00100000
00100000
00100000
00100000
11111111
00100000

00010000
00010000
00010000
00010000
00010000
00010000
11111111
00010000

00001000
00001000
00001000
00001000
00001000
00001000
11111111
00001000

00000100
00000100
00000100
00000100
00000100
00000100
11111111
00000100

00000010
00000010
00000010
00000010
00000010
00000010
11111111
00000010

00000001
00000001
00000001
00000001
00000001
00000001
11111111
00000001

10000000
10000000
10000000
10000000
10000000
10000000
10000000
11111111

01000000
01000000
01000000
01000000
01000000
01000000
01000000
11111111

00100000
00100000
00100000
00100000
00100000
00100000
00100000
11111111

00010000
00010000
00010000
00010000
00010000
00010000
00010000
11111111

00001000
00001000
00001000
00001000
00001000
00001000
00001000
11111111

00000100
00000100
00000100
00000100
00000100
00000100
00000100
11111111

00000010
00000010
00000010
00000010
00000010
00000010
00000010
11111111

00000001
00000001
00000001
00000001
00000001
00000001
00000001
11111111

00000000
00000000
00000000
00000000
00000000
00000000
00000000
00000000

-------------------------------------------------------
0, 0, 0, 0, 0, 0, 0, 0, 
0, 0, 0, 0, 0, 0, 0, 0,

[ 0x0000000000000000
, 0x0000000000000000
, 0x0000000000000000
, 0x0000000000000000
, 0x0000000000000000
, 0x0000000000000000
, 0x0000000000000000
, 0x0000000000000000

, 0x0000000000000000
, 0x0000000000000000
, 0x0000000000000000
, 0x0000000000000000
, 0x0000000000000000
, 0x0000000000000000
, 0x0000000000000000
, 0x0000000000000000

, 0x0000800000000000
, 0x0000400000000000
, 0x0000200000000000
, 0x0000100000000000
, 0x0000080000000000
, 0x0000040000000000
, 0x0000020000000000
, 0x0000010000000000

, 0x0000808000000000
, 0x0000404000000000
, 0x0000202000000000
, 0x0000101000000000
, 0x0000080800000000
, 0x0000040400000000
, 0x0000020200000000
, 0x0000010100000000

, 0x0000808080000000
, 0x0000404040000000
, 0x0000202020000000
, 0x0000101010000000
, 0x0000080808000000
, 0x0000040404000000
, 0x0000020202000000
, 0x0000010101000000

, 0x0000808080800000
, 0x0000404040400000
, 0x0000202020200000
, 0x0000101010100000
, 0x0000080808080000
, 0x0000040404040000
, 0x0000020202020000
, 0x0000010101010000

, 0x0000808080800000
, 0x0000404040400000
, 0x0000202020200000
, 0x0000101010100000
, 0x0000080808080000
, 0x0000040404040000
, 0x0000020202020000
, 0x0000010101010000 ]

10000000
00000000
00000000
00000000
00000000
00000000
00000000
00000000

01000000
00000000
00000000
00000000
00000000
00000000
00000000
00000000

00100000
00000000
00000000
00000000
00000000
00000000
00000000
00000000

00010000
00000000
00000000
00000000
00000000
00000000
00000000
00000000

00001000
00000000
00000000
00000000
00000000
00000000
00000000
00000000

00000100
00000000
00000000
00000000
00000000
00000000
00000000
00000000

00000010
00000000
00000000
00000000
00000000
00000000
00000000
00000000

00000001
00000000
00000000
00000000
00000000
00000000
00000000
00000000

-------------------------------------------------------

00000000
10000000
10000000
10000000
10000000
10000000
10000000
10000000

00000000
01000000
01000000
01000000
01000000
01000000
01000000
01000000

00000000
00100000
00100000
00100000
00100000
00100000
00100000
00100000

00000000
00010000
00010000
00010000
00010000
00010000
00010000
00010000

00000000
00001000
00001000
00001000
00001000
00001000
00001000
00001000

00000000
00000100
00000100
00000100
00000100
00000100
00000100
00000100

00000000
00000010
00000010
00000010
00000010
00000010
00000010
00000010

00000000
00000001
00000001
00000001
00000001
00000001
00000001
00000001

